,AWI-ESM-1-1-LR,CESM2,EC-Earth3-LR,FGOALS-f3-L,FGOALS-g3,GISS-E2-1-G,INM-CM4-8,IPSL-CM6A-LR,MIROC-ES2L,MPI-ESM1-2-LR,MRI-ESM2-0,NorESM1-F,NorESM2-LM,region,name
0,-1.8855540417916927e-07,-1.3876559989967063e-07,2.49224967774353e-07,-5.114869736644323e-07,-3.6141520354249224e-07,-8.527334927066477e-08,-3.6044227158527065e-08,-6.89456740587957e-08,-6.839759976173809e-07,-3.953309715143405e-07,1.0926423499313387e-07,-4.987782062926271e-07,1.2396338206599467e-05,GIC,Greenland/Iceland
1,-6.023202558935736e-07,-2.789400639358064e-07,-4.288095711846296e-10,-4.308292318455642e-07,-5.216893441684078e-07,-6.905777354404563e-07,-1.9379105253847229e-07,-6.890312675977839e-08,-1.0851540821477101e-07,-3.278775011494872e-07,1.7642061322931113e-07,-2.3254725078913907e-07,7.5483967520995066e-06,NWN,N.W.North-America
2,-7.404364055219048e-08,-7.865151019359473e-07,-4.259348997948109e-07,-4.833872253584559e-07,-4.891464868705953e-07,-6.298726589193393e-07,-2.182328557864821e-07,-2.653981709954678e-07,-9.722886318286328e-08,-4.099379111721646e-07,-4.7798755531403e-07,-4.809782012671349e-07,6.6024972511513624e-06,NEN,N.E.North-America
3,5.929368853685446e-07,1.2063724170729984e-06,1.6385443757371831e-07,4.1752954871299153e-07,-6.01531098709529e-07,1.0479235470484127e-06,4.785114811056701e-07,2.427900653856341e-07,2.627672586186236e-07,4.2938162891914544e-07,-4.3872873334294127e-07,5.834382363900659e-07,5.5535542742291e-06,WNA,W.North-America
4,-4.4577470248441387e-07,-3.6593075947166653e-07,-3.613835701798962e-07,-1.7448993361313114e-08,1.6088151255644334e-07,-2.2821987499810348e-07,-2.4344110727270163e-08,-8.521341783307435e-07,3.458289370428247e-07,-6.725886123604141e-07,-1.0020431773227756e-06,1.0100220748654465e-07,8.802862225820718e-07,CNA,C.North-America
5,-9.894977210933575e-07,1.158436262471696e-07,9.429341929489965e-08,-9.401034617440018e-08,1.1958077550389135e-07,6.476138310063106e-07,3.827051671123627e-07,-4.799917405762244e-07,1.1039810488000512e-06,-9.90991395610763e-08,3.4777011137521185e-07,-1.38736041321863e-07,2.743004415606265e-06,ENA,E.North-America
6,-6.596282187132374e-09,4.4617385697165446e-07,1.0528435723244911e-06,2.5224724140571197e-06,2.169356775993947e-06,1.9467613583401544e-06,-2.6781998485603253e-07,1.9715014332177816e-06,7.74983334395074e-07,9.542322914057877e-07,1.7212886405104655e-06,1.3417986792774172e-06,7.105680879249121e-07,NCA,N.Central-America
7,4.9186292017111555e-06,-2.483353398474719e-07,1.708544914436061e-07,-1.5342234291892964e-06,2.7405146738601616e-06,-1.6989471873785078e-07,4.885977432422806e-06,2.1930320599494735e-06,-1.1855280490635778e-06,2.550513045207481e-06,4.0834729020389204e-07,-2.6209704628854524e-06,1.3484487908499432e-06,SCA,S.Central-America
8,7.857166565372609e-06,-1.050948299052834e-06,1.876013129731291e-06,1.0331019950626796e-07,-1.434870711136682e-07,-7.388372296190937e-07,8.469488079754228e-07,2.4331206986971665e-06,-2.1574576294369763e-06,3.7836687170056393e-06,8.955335033533629e-07,8.625721079624782e-07,2.433581869354384e-07,CAR,Caribbean
9,5.204427111493715e-07,-4.744792079236504e-07,-2.6601521767588565e-06,-3.0212377168936655e-06,4.306852133595385e-06,-2.3007185063761426e-06,1.710115952846536e-06,-4.785514988725481e-07,2.8074884994566673e-06,-9.539041911921231e-07,-1.5364730643341318e-06,-6.374631539074471e-06,9.316872251474706e-07,NWS,N.W.South-America
10,2.0195573142700596e-06,-1.084282416741189e-06,-2.450738065817859e-07,-2.317843836863176e-06,-1.2854758324465365e-06,-1.7180612985612242e-06,-1.946852989931358e-06,1.148735691458569e-06,-3.2120547075464856e-06,1.759315715332832e-08,-2.8963338536414085e-06,-2.8950073556188727e-06,-1.3807948562316597e-06,NSA,N.South-America
11,-8.268708597825025e-07,-9.430503382645838e-07,-6.907839633640833e-07,-3.9290875974984374e-07,-1.0346737866484546e-07,-7.045608754197019e-07,1.5709665603935719e-06,-2.9856357741664397e-06,-1.9494304979161825e-06,-5.317932050274976e-07,-3.1904603474686155e-06,1.317239139098092e-06,-1.4764506204301142e-06,NES,N.E.South-America
12,-9.803233069760608e-07,-2.6992697712557856e-06,-1.964211605809396e-06,-1.2118704262320534e-06,4.912984877591953e-06,-1.0740176321633044e-06,-2.195769184254459e-06,-2.6100124159711413e-06,-1.2540896250357036e-06,-3.7589281873806613e-06,-5.131943908054382e-06,-2.5196134174620965e-06,-2.799791900542914e-06,SAM,South-American-Monsoon
13,2.755311356850143e-07,2.4331933445864706e-07,1.333995385266462e-07,-3.830941963656187e-08,1.4052337746761623e-06,-1.7645942307353835e-07,2.1478825829035486e-07,6.694689318464953e-07,1.8183321515152784e-07,2.602526478767686e-07,7.185934691733564e-07,7.44376791317336e-07,4.443317038749228e-07,SWS,S.W.South-America
14,-2.7873090857610805e-07,-3.3396278809050273e-07,-1.0143478448298993e-06,-1.1328688742651138e-06,1.0177384410781087e-06,-5.654605956806336e-07,-4.3348345002414135e-07,-9.442527471037465e-07,9.831451563968585e-08,-1.6479759779031156e-06,-1.737672732815554e-06,-2.8358505232972675e-07,-6.243124630600505e-07,SES,S.E.South-America
15,-2.983574063364358e-07,-3.5964740163763054e-07,-7.965113013597147e-08,-9.312179827247746e-08,-2.5610387410779367e-07,-1.3010679822400562e-07,-2.737209570113919e-07,-1.7729685453105049e-07,-1.7454232192903874e-07,-5.013753821003775e-07,-3.2500227575837926e-07,-3.226534204259224e-07,1.01331841051433e-06,SSA,S.South-America
16,-1.6833674010285904e-07,-2.928369440269307e-07,-5.364515800465597e-07,-1.9153671360072622e-07,-9.175649893222726e-07,-3.3330780979667907e-07,-5.899923962715548e-07,-7.409828981508326e-07,-1.030291372217107e-07,-1.7214412650901068e-07,1.0785642245991767e-07,-6.263048817345407e-07,6.257470431592083e-06,NEU,N.Europe
17,1.299901271067938e-07,-1.450034972094727e-07,-7.053926509570374e-08,-8.294446018908275e-08,2.2659862963791966e-07,1.2456841602670465e-07,4.508607958086941e-07,-7.937881463249141e-08,2.945880623883568e-07,-3.9685082242613134e-07,-2.46318307972615e-07,-2.6430752697592652e-08,3.6240612644178327e-06,WCE,West&Central-Europe
18,-3.0299329978333844e-07,-9.655043697875954e-08,-9.067915840432761e-08,-2.6379279916000087e-07,-2.8713689204096227e-08,-3.831833339518198e-07,-1.7987274247843743e-07,-2.1822900464485429e-07,-2.2624180928687565e-07,-6.632110967075278e-07,-7.427037758134247e-07,-4.6003114562154224e-07,6.081290848669596e-06,EEU,E.Europe
19,-1.3239528584563232e-07,4.4386229092197027e-07,4.1512814163979783e-07,5.84664974212501e-07,2.891081862799183e-07,6.717802421007946e-07,1.1901107654921361e-06,5.762782961937774e-07,1.2248715108853503e-07,6.921999897713249e-07,6.6928606656802e-07,3.980929648150777e-07,5.126046289660735e-07,MED,Mediterranean
20,9.387526915816125e-07,3.3207012961611326e-07,2.7525467771738477e-07,2.0504529629761237e-07,1.4510443691051478e-07,1.3998273118431825e-07,3.5845573620463256e-07,5.794856861029984e-07,1.5935322039695166e-07,2.92615283115083e-07,1.5910215722669818e-07,3.597790794174216e-07,3.535328403359017e-07,SAH,Sahara
21,5.69203223221848e-07,1.7835083099271287e-06,2.7298829081701115e-06,2.4810524337226525e-06,4.419910510478076e-06,4.129035914957058e-06,6.363867669278989e-06,4.610541054717032e-06,7.233583801280474e-06,3.123521537418128e-06,3.788190497289179e-06,1.3009571375732776e-06,1.316639668402786e-06,WAF,Western-Africa
22,1.5508462070101814e-07,1.4905456282576779e-06,2.5128726974799065e-06,-3.3419942724322027e-07,7.0560431595367845e-06,1.7557777027832344e-06,2.707445446503698e-06,2.583136620160076e-06,2.5934766654245323e-06,2.183534888899885e-06,2.579051169959712e-06,1.3514894590116455e-06,1.0740589004853973e-06,CAF,Central-Africa
23,4.762775915878592e-07,5.374758416110126e-07,2.0102136204513954e-06,2.188853613915853e-06,3.963116796512622e-06,1.0216291457254556e-06,3.374480911588762e-06,2.91161404675222e-06,8.111094871310343e-07,6.147641329334874e-07,1.5981493106664857e-06,2.5084095796046313e-06,1.3853009477315936e-06,NEAF,N.Eastern-Africa
24,1.6283986781218118e-07,-6.634308533648436e-07,1.8426321730657946e-06,1.380577486997936e-06,-5.176470381229592e-07,3.712293619173579e-06,2.1932039544481086e-06,9.222438848155434e-07,1.3763961987933726e-06,4.282802308352984e-07,6.279037165768386e-07,1.9927238099626265e-06,4.427789974670304e-07,SEAF,S.Eastern-Africa
25,1.3880057281312475e-07,-9.015477786533665e-08,1.1837640840894892e-06,-1.5970524458452928e-08,1.1478973647172097e-06,8.17513011952542e-07,-1.008005824587599e-06,1.497217141377405e-07,1.1672167374854325e-06,1.0826265679497737e-06,3.8133629232106614e-07,-2.962489702440507e-07,4.505997992509947e-07,WSAF,W.Southern-Africa
26,-1.7579017708158062e-07,-1.5576760006297263e-06,-3.791481901771476e-07,-5.598403163276089e-07,4.725665974092408e-07,4.377036475489149e-07,-2.2082349460106343e-06,-7.72090800182923e-07,-7.48213551560184e-07,-7.168602600415852e-09,-7.654606406504172e-07,1.7859797196706495e-07,-1.9962951682828134e-06,ESAF,E.Southern-Africa
27,8.567219538235804e-07,9.87681460173917e-07,-4.303588241327816e-07,7.227367859741207e-07,4.875420927419327e-06,9.687514648248907e-07,-1.6536777138753678e-06,-4.979747814104485e-08,1.1915964250874822e-06,1.2778096447618736e-07,7.542274715888198e-07,3.7210968457657145e-06,-1.8870106259782915e-06,MDG,Madagascar
28,-1.9727706046523963e-07,-1.8078054608849925e-07,1.1520802978282063e-08,-2.297910981496898e-07,-5.102516524857492e-07,-5.210703193370136e-07,-4.820179455578e-08,-8.308455790029257e-08,-2.598368666895112e-07,-7.738749729924166e-08,-1.2595222642630688e-07,-3.5874148807124584e-07,6.777817361580674e-06,RAR,Russian-Arctic
29,-6.004066790410434e-07,7.210229568954674e-08,1.9471490020350757e-07,-1.954098678424998e-07,3.890995969868527e-08,-3.5820332300318114e-07,-2.980359283810685e-07,-2.0723693694435497e-07,-2.3997001719067157e-08,-5.757579515375255e-07,-1.2698235707375716e-07,-2.710132491756667e-07,6.013753136357991e-06,WSB,W.Siberia
30,-5.754664016421884e-07,-9.145051826919826e-09,3.2925857595955677e-08,-2.936338319159404e-07,-8.514000171544467e-08,-1.9631865200153698e-07,-5.547508976633253e-07,-4.266563564669923e-07,-2.35255967595549e-07,-4.548968774997775e-07,6.965019849758392e-08,-4.3378958025641623e-07,4.890800482826307e-06,ESB,E.Siberia
31,-1.9144204088661354e-07,4.293020197110309e-07,-1.4993483432590438e-07,-8.853913868733798e-08,-1.451153934795002e-07,3.99264706629765e-07,4.009747911482009e-08,2.0139287926213e-07,2.2836147195448575e-07,5.523467621060263e-07,6.620318231398414e-07,1.1987207670927091e-08,1.0082934750244021e-05,RFE,Russian-Far-East
32,-9.118614485714716e-08,-1.6446679751425108e-07,1.2966567375372051e-08,-6.211848102566364e-08,-2.1563042196248716e-07,-1.124621320514052e-07,3.1064672612046706e-07,-2.0693553892670025e-07,-1.6840834859976894e-07,2.0895518204611108e-08,-3.7407232866826234e-07,3.328641753341799e-07,1.9778069599851733e-06,WCA,W.C.Asia
33,-5.869066654895505e-08,7.88210954283386e-08,-2.9507583931831505e-08,-2.1190107446500406e-08,-2.9538671242335113e-07,1.6064420904626786e-08,2.306229518467262e-08,-1.141681451599652e-07,-5.044332169745758e-07,-1.5150165566524265e-08,-2.723705847529345e-07,8.123264194637159e-08,1.2462721770134522e-06,ECA,E.C.Asia
34,3.5878942981071305e-06,4.059573711856501e-06,2.1097321223351173e-06,2.087640041281702e-06,3.4366551062703365e-06,1.7315692275587935e-06,4.866582230533822e-07,6.029960104569909e-07,2.002318979066331e-06,3.6723954508488532e-06,3.492969881335739e-06,4.735765287477989e-06,9.64505034062313e-06,TIB,Tibetan-Plateau
35,-1.1623022828644025e-06,-9.210091889144678e-07,-3.998065380983462e-07,2.1778765457725058e-08,1.0514985433474067e-06,8.820059065328678e-07,-9.54850861489831e-07,6.229215614439454e-07,-6.756134212082543e-07,1.823508739562385e-07,-6.293644219113048e-07,-4.760430556416395e-07,1.3352265568755683e-06,EAS,E.Asia
36,2.4592554836999625e-07,4.0183710581231935e-08,6.473087523772847e-07,2.3265818072104594e-07,5.686732151843898e-07,4.915355020784773e-07,2.66444970975499e-07,8.577968628742383e-07,1.0261452842996732e-07,5.4432996421383e-07,4.153213524205057e-07,4.254453358498722e-07,2.4395387754339026e-07,ARP,Arabian-Peninsula
37,5.853610787198704e-07,1.3453502560878405e-06,2.8348304113023914e-06,3.4796732961694943e-06,1.6491316046085558e-06,1.8965786239277804e-06,-1.1569587741178111e-06,1.9571555185393663e-06,9.371950113745697e-07,1.5152276091612293e-06,2.202334826506558e-06,1.7801430658437312e-06,3.1336260235548252e-06,SAS,S.Asia
38,-1.83907866357913e-06,1.225771939061815e-06,-9.70964379121142e-07,-4.143395244682324e-07,2.3385955500998534e-06,-1.676448164289468e-06,-3.6470353279582923e-06,-2.770777200566954e-06,-3.8190418649719504e-07,-4.833802904613549e-07,8.22027686808724e-07,4.6502731265718467e-07,3.5932950481765147e-07,SEA,S.E.Asia
39,2.146319502571714e-06,1.41107943818497e-06,2.107703494402813e-06,1.3081982785934088e-07,2.1904024833929725e-06,2.699011929507833e-07,3.7488557609322015e-06,3.116422533366858e-07,2.6714287741924636e-06,4.326060206949478e-06,1.007543119158072e-06,2.852050897672598e-07,8.449255801679101e-07,NAU,N.Australia
40,6.727198069711449e-07,-7.292712922435385e-08,-1.1905694918823428e-07,-1.1268010968734643e-09,1.0798622440688632e-07,1.1651959397340761e-07,-2.1353952206482063e-07,-4.774772150994977e-07,2.0609860484910314e-07,1.857745814959344e-07,8.033655518602245e-08,-7.4089820145673e-07,-5.712765016596677e-08,CAU,C.Australia
41,2.2513384010380832e-06,2.1167313946079958e-07,-2.1891865742418304e-07,-8.570987688472087e-07,1.7040246120814118e-06,-8.153256203513592e-08,4.4198714022058994e-07,-2.623739874252351e-07,1.4202088394199563e-08,1.8921959963336121e-06,4.2088717577826174e-07,-3.0787305149715394e-07,-5.246376417744614e-07,EAU,E.Australia
42,-5.589642526615535e-08,2.555972571371967e-07,-2.903009033161652e-07,4.252839858054358e-07,-1.291309530415674e-07,-9.768175601720941e-08,-2.247919894671213e-07,2.449271221394156e-07,-7.695133774632268e-08,9.543218659757713e-09,-7.586037753526398e-08,9.566647918290982e-08,5.287431008582644e-07,SAU,S.Australia
43,1.5564941691081913e-07,4.5978259777257335e-07,-6.06937646807637e-08,8.299097089548013e-07,-1.4834562023224862e-07,2.4487138716722257e-07,-8.979440480061385e-08,3.9360023151857604e-07,8.208274948628969e-07,9.804978162719635e-07,-1.343575064538527e-07,4.486386728785874e-07,5.296745371197176e-07,NZ,New-Zealand
44,-2.9683943125746737e-07,-2.3797700521299703e-07,-2.0692517921361286e-07,-1.904341075942284e-07,-1.279574064483313e-07,-2.8073989710719616e-07,-8.016785812969829e-08,-1.275011101142809e-07,-1.1853369841219319e-07,-1.3394678433087392e-07,-1.66960404612837e-07,-2.1193251598106144e-07,8.568886187276803e-06,EAN,E.Antarctica
45,-1.491246734985907e-07,-3.432406856518355e-07,-5.863079763912538e-07,-4.5677833782065136e-07,-3.9109085037125624e-07,-5.701921850231884e-07,-9.625058510209783e-07,-5.496567609952763e-07,-7.906497216936259e-07,-4.982094310435059e-07,-6.799044882654925e-08,-2.9620844088640297e-07,1.3795302038488444e-05,WAN,W.Antarctica
